Llama-2-7b-hf P3-5 62.91 72.98 62.60 67.71 74.02 66.26 66.53 67.57
Llama-2-7b-hf P3-5 68.32 76.98 68.81 76.71 76.87 73.81 72.76 73.47
Llama-2-7b-hf P3-0 67.22 83.80 74.62 82.21 79.72 78.76 73.88 77.17
Llama-2-7b-hf P3-0 61.01 80.30 69.79 77.91 76.66 72.78 71.95 72.91
Llama-2-7b-hf P3-1 50.38 61.43 48.58 60.91 65.67 56.71 56.82 57.21
Llama-2-7b-hf P3-1 61.59 73.35 65.87 74.02 72.25 65.20 72.41 69.24
Llama-2-7b-hf P3-2 65.40 73.84 67.32 75.58 74.72 70.11 72.35 71.33
Llama-2-7b-hf P3-0 58.81 77.01 66.34 73.22 73.56 71.66 69.64 70.03
Llama-2-7b-hf P3-5 59.50 76.50 65.52 72.74 73.66 66.55 67.77 68.89
Llama-2-7b-hf P3-0 64.36 82.05 72.21 78.88 77.35 76.80 72.52 74.88
Llama-2-7b-hf P3-5 64.79 78.63 70.19 77.17 75.79 72.93 70.40 72.84
Llama-2-7b-hf P3-1 63.16 73.78 66.70 73.19 72.35 68.03 71.94 69.88
Llama-2-7b-hf P3-10 62.53 80.39 70.75 77.46 76.56 72.83 70.64 73.02
Llama-2-7b-hf P3-20 64.01 80.39 71.36 78.07 77.95 73.57 72.03 73.91
Llama-2-7b-hf P3-30 62.51 78.14 69.00 76.11 76.90 70.86 71.51 72.15
Llama-2-7b-hf P3-1 56.48 65.24 58.38 68.02 68.30 66.51 68.75 64.53
Llama-2-7b-hf P3-10 59.63 78.94 68.32 74.02 75.00 68.94 69.29 70.59
Llama-2-7b-hf P3-20 59.28 77.94 68.44 74.00 75.63 68.30 69.70 70.47
Llama-2-7b-hf P3-30 56.86 74.76 65.42 71.84 74.72 65.48 69.00 68.30
Llama-2-7b-hf P3-15 60.09 79.23 68.98 74.52 75.53 69.08 69.63 71.01
Llama-2-7b-hf P3-25 63.32 79.27 70.33 77.15 77.52 72.37 71.88 73.12
